0
2 2 2 2 2 2 2
2 1 1 1 1 1 1
1 1 1 1 1 1 1
2 2 2 2 2 2 2
2 1 1 1 1 1 1
1 1 1 1 1 1 1
2 2 2 2 2 2 2

1
1 1 1 1 1 1 1
1 2 2 2 2 2 2
2 2 1 1 1 1 1
1 1 1 1 1 1 1
1 2 2 2 2 2 2
2 2 1 1 1 1 1
1 1 1 1 1 1 1

2
2 2 2 2 2 2 2
2 1 1 1 1 1 1
1 1 1 1 1 1 1
2 2 2 2 2 2 2
2 1 1 1 1 1 1
1 1 1 1 1 1 1
2 2 2 2 2 2 2

3
1 1 1 1 1 1 1
1 2 2 2 2 2 2
2 2 1 1 1 1 1
1 1 1 1 1 1 1
1 2 2 2 2 2 2
2 2 1 1 1 1 1
1 1 1 1 1 1 1

4
2 2 2 2 2 2 2
2 1 1 1 1 1 1
1 1 1 1 1 1 1
2 2 2 2 2 2 2
2 1 1 1 1 1 1
1 1 1 1 1 1 1
2 2 2 2 2 2 2

5
1 1 1 1 1 1 1
1 2 2 2 2 2 2
2 2 1 1 1 1 1
1 1 1 1 1 1 1
1 2 2 2 2 2 2
2 2 1 1 1 1 1
1 1 1 1 1 1 1

6
2 2 2 2 2 2 2
2 1 1 1 1 1 1
1 1 1 1 1 1 1
2 2 2 2 2 2 2
2 1 1 1 1 1 1
1 1 1 1 1 1 1
2 2 2 2 2 2 2

7
1 1 1 1 1 1 1
1 2 2 2 2 2 2
2 2 1 1 1 1 1
1 1 1 1 1 1 1
1 2 2 2 2 2 2
2 2 1 1 1 1 1
1 1 1 1 1 1 1

8
2 2 2 2 2 2 2
2 1 1 1 1 1 1
1 1 1 1 1 1 1
2 2 2 2 2 2 2
2 1 1 1 1 1 1
1 1 1 1 1 1 1
2 2 2 2 2 2 2

9
1 1 1 1 1 1 1
1 2 2 2 2 2 2
2 2 1 1 1 1 1
1 1 1 1 1 1 1
1 2 2 2 2 2 2
2 2 1 1 1 1 1
1 1 1 1 1 1 1

10
2 2 2 2 2 2 2
2 1 1 1 1 1 1
1 1 1 1 1 1 1
2 2 2 2 2 2 2
2 1 1 1 1 1 1
1 1 1 1 1 1 1
2 2 2 2 2 2 2

11
1 1 1 1 1 1 1
1 2 2 2 2 2 2
2 2 1 1 1 1 1
1 1 1 1 1 1 1
1 2 2 2 2 2 2
2 2 1 1 1 1 1
1 1 1 1 1 1 1

12
2 2 2 2 2 2 2
2 1 1 1 1 1 1
1 1 1 1 1 1 1
2 2 2 2 2 2 2
2 1 1 1 1 1 1
1 1 1 1 1 1 1
2 2 2 2 2 2 2

13
1 1 1 1 1 1 1
1 2 2 2 2 2 2
2 2 1 1 1 1 1
1 1 1 1 1 1 1
1 2 2 2 2 2 2
2 2 1 1 1 1 1
1 1 1 1 1 1 1

14
2 2 2 2 2 2 2
2 1 1 1 1 1 1
1 1 1 1 1 1 1
2 2 2 2 2 2 2
2 1 1 1 1 1 1
1 1 1 1 1 1 1
2 2 2 2 2 2 2

15
1 1 1 1 1 1 1
1 2 2 2 2 2 2
2 2 1 1 1 1 1
1 1 1 1 1 1 1
1 2 2 2 2 2 2
2 2 1 1 1 1 1
1 1 1 1 1 1 1

16
2 2 2 2 2 2 2
2 1 1 1 1 1 1
1 1 1 1 1 1 1
2 2 2 2 2 2 2
2 1 1 1 1 1 1
1 1 1 1 1 1 1
2 2 2 2 2 2 2

17
1 1 1 1 1 1 1
1 2 2 2 2 2 2
2 2 1 1 1 1 1
1 1 1 1 1 1 1
1 2 2 2 2 2 2
2 2 1 1 1 1 1
1 1 1 1 1 1 1

18
2 2 2 2 2 2 2
2 1 1 1 1 1 1
1 1 1 1 1 1 1
2 2 2 2 2 2 2
2 1 1 1 1 1 1
1 1 1 1 1 1 1
2 2 2 2 2 2 2

19
1 1 1 1 1 1 1
1 2 2 2 2 2 2
2 2 1 1 1 1 1
1 1 1 1 1 1 1
1 2 2 2 2 2 2
2 2 1 1 1 1 1
1 1 1 1 1 1 1

0
2 2 2 2 2 2 2
2 1 1 1 1 1 1
1 1 1 1 1 1 1
2 2 2 2 2 2 2
2 1 1 1 1 1 1
1 1 1 1 1 1 1
2 2 2 2 2 2 2

1
1 1 1 1 1 1 1
1 2 2 2 2 2 2
2 2 1 1 1 1 1
1 1 1 1 1 1 1
1 2 2 2 2 2 2
2 2 1 1 1 1 1
1 1 1 1 1 1 1

2
2 2 2 2 2 2 2
2 1 1 1 1 1 1
1 1 1 1 1 1 1
2 2 2 2 2 2 2
2 1 1 1 1 1 1
1 1 1 1 1 1 1
2 2 2 2 2 2 2

3
1 1 1 1 1 1 1
1 2 2 2 2 2 2
2 2 1 1 1 1 1
1 1 1 1 1 1 1
1 2 2 2 2 2 2
2 2 1 1 1 1 1
1 1 1 1 1 1 1

4
2 2 2 2 2 2 2
2 1 1 1 1 1 1
1 1 1 1 1 1 1
2 2 2 2 2 2 2
2 1 1 1 1 1 1
1 1 1 1 1 1 1
2 2 2 2 2 2 2

5
1 1 1 1 1 1 1
1 2 2 2 2 2 2
2 2 1 1 1 1 1
1 1 1 1 1 1 1
1 2 2 2 2 2 2
2 2 1 1 1 1 1
1 1 1 1 1 1 1

6
2 2 2 2 2 2 2
2 1 1 1 1 1 1
1 1 1 1 1 1 1
2 2 2 2 2 2 2
2 1 1 1 1 1 1
1 1 1 1 1 1 1
2 2 2 2 2 2 2

7
1 1 1 1 1 1 1
1 2 2 2 2 2 2
2 2 1 1 1 1 1
1 1 1 1 1 1 1
1 2 2 2 2 2 2
2 2 1 1 1 1 1
1 1 1 1 1 1 1

8
2 2 2 2 2 2 2
2 1 1 1 1 1 1
1 1 1 1 1 1 1
2 2 2 2 2 2 2
2 1 1 1 1 1 1
1 1 1 1 1 1 1
2 2 2 2 2 2 2

9
1 1 1 1 1 1 1
1 2 2 2 2 2 2
2 2 1 1 1 1 1
1 1 1 1 1 1 1
1 2 2 2 2 2 2
2 2 1 1 1 1 1
1 1 1 1 1 1 1

10
2 2 2 2 2 2 2
2 1 1 1 1 1 1
1 1 1 1 1 1 1
2 2 2 2 2 2 2
2 1 1 1 1 1 1
1 1 1 1 1 1 1
2 2 2 2 2 2 2

11
1 1 1 1 1 1 1
1 2 2 2 2 2 2
2 2 1 1 1 1 1
1 1 1 1 1 1 1
1 2 2 2 2 2 2
2 2 1 1 1 1 1
1 1 1 1 1 1 1

12
2 2 2 2 2 2 2
2 1 1 1 1 1 1
1 1 1 1 1 1 1
2 2 2 2 2 2 2
2 1 1 1 1 1 1
1 1 1 1 1 1 1
2 2 2 2 2 2 2

13
1 1 1 1 1 1 1
1 2 2 2 2 2 2
2 2 1 1 1 1 1
1 1 1 1 1 1 1
1 2 2 2 2 2 2
2 2 1 1 1 1 1
1 1 1 1 1 1 1

14
2 2 2 2 2 2 2
2 1 1 1 1 1 1
1 1 1 1 1 1 1
2 2 2 2 2 2 2
2 1 1 1 1 1 1
1 1 1 1 1 1 1
2 2 2 2 2 2 2

15
1 1 1 1 1 1 1
1 2 2 2 2 2 2
2 2 1 1 1 1 1
1 1 1 1 1 1 1
1 2 2 2 2 2 2
2 2 1 1 1 1 1
1 1 1 1 1 1 1

16
2 2 2 2 2 2 2
2 1 1 1 1 1 1
1 1 1 1 1 1 1
2 2 2 2 2 2 2
2 1 1 1 1 1 1
1 1 1 1 1 1 1
2 2 2 2 2 2 2

17
1 1 1 1 1 1 1
1 2 2 2 2 2 2
2 2 1 1 1 1 1
1 1 1 1 1 1 1
1 2 2 2 2 2 2
2 2 1 1 1 1 1
1 1 1 1 1 1 1

18
2 2 2 2 2 2 2
2 1 1 1 1 1 1
1 1 1 1 1 1 1
2 2 2 2 2 2 2
2 1 1 1 1 1 1
1 1 1 1 1 1 1
2 2 2 2 2 2 2

19
1 1 1 1 1 1 1
1 2 2 2 2 2 2
2 2 1 1 1 1 1
1 1 1 1 1 1 1
1 2 2 2 2 2 2
2 2 1 1 1 1 1
1 1 1 1 1 1 1

